17
20 1 3 1 5 -7 -1 -3 -7 -5 1 -5 3 5 7 1 1
1 20 -3 -5 -5 -1 -7 3 -5 -3 7 5 5 -1 5 -1 3
3 -3 20 -3 1 5 3 1 -3 7 1 -9 -5 1 3 5 -3
1 -5 -3 20 3 -5 -3 3 -5 -7 -1 1 5 3 -7 3 -5
5 -5 1 3 20 -9 5 -1 -1 5 -1 1 -7 -1 1 3 -5
-7 -1 5 -5 -9 20 1 3 -1 5 -5 -3 1 -5 1 -5 -1
-1 -7 3 -3 5 1 20 1 1 3 -3 -1 -1 -3 -1 5 1
-3 3 1 3 -1 3 1 20 -9 1 7 1 1 -1 1 3 -9
-7 -5 -3 -5 -1 -1 1 -9 20 5 -5 5 -3 -5 -7 -1 11
-5 -3 7 -7 5 5 3 1 5 20 -7 3 -13 -3 3 -3 -3
1 7 1 -1 -1 -5 -3 7 -5 -7 20 -3 5 -1 1 11 -1
-5 5 -9 1 1 -3 -1 1 5 3 -3 20 -1 -3 -1 -3 5
3 5 -5 5 -7 1 -1 1 -3 -13 5 -1 20 -3 -1 5 5
5 -1 1 3 -1 -5 -3 -1 -5 -3 -1 -3 -3 20 -3 3 -1
7 5 3 -7 1 1 -1 1 -7 3 1 -1 -1 -3 20 -3 1
1 -1 5 3 3 -5 5 3 -1 -3 11 -3 5 3 -3 20 3
1 3 -3 -5 -5 -1 1 -9 11 -3 -1 5 5 -1 1 3 20
