15
11 2 2 2 -4 -6 0 2 -2 0 0 -6 4 -4 0
2 11 -2 2 4 -6 -4 -6 2 0 4 2 -4 -4 0
2 -2 11 -2 0 -2 0 6 -2 -4 4 -2 4 0 0
2 2 -2 11 4 2 0 2 -2 -4 0 2 0 -4 0
-4 4 0 4 11 0 -2 0 0 -6 2 8 -6 -2 2
-6 -6 -2 2 0 11 0 2 2 0 -4 2 0 4 -4
0 -4 0 0 -2 0 11 4 -4 2 2 0 6 -2 6
2 -6 6 2 0 2 4 11 -2 -4 0 -2 4 0 0
-2 2 -2 -2 0 2 -4 -2 11 4 0 -2 -4 0 -8
0 0 -4 -4 -6 0 2 -4 4 11 2 -4 2 2 -2
0 4 4 0 2 -4 2 0 0 2 11 0 2 -2 2
-6 2 -2 2 8 2 0 -2 -2 -4 0 11 -4 0 4
4 -4 4 0 -6 0 6 4 -4 2 2 -4 11 -2 2
-4 -4 0 -4 -2 4 -2 0 0 2 -2 0 -2 11 -2
0 0 0 0 2 -4 6 0 -8 -2 2 4 2 -2 11
